*1000Hz	-40.2
	
20 -0.5
23.23 -0.2
26.78 0
30.01 0.1
33.49 0.2
36.63 0.3
41.75 0.3
46.23 0.4
50.13 0.4
53.84 0.4
57.09 0.4
59.84 0.4
63.21 0.4
66.54 0.4
69.54 0.4
72.94 0.4
77.4 0.4
82.18 0.4
86.01 0.4
91.52 0.4
98.03 0.4
105.53 0.4
112.87 0.4
120.54 0.4
128.64 0.4
137.09 0.4
145.35 0.4
158.51 0.4
169.06 0.4
180.43 0.4
190.46 0.4
203.13 0.4
222.18 0.4
243.7 0.3
262.91 0.3
287.76 0.3
316.36 0.3
355.17 0.3
397.56 0.2
440.52 0.2
490.93 0.2
545.94 0.2
598.03 0.1
655.52 0.1
724.33 0.1
792.14 0.1
893.84 0
1010.76 -0
1128.82 -0.1
1291.21 -0.1
1441.32 -0.2
1599.41 -0.2
1781.26 -0.2
1963.73 -0.2
2185.56 -0.2
2469.42 -0.1
2768.27 -0
3105.34 0.1
3426.24 0.1
3796.46 0.2
4255.22 0.4
4739.8 0.7
5312.55 1.1
5852.92 1.4
6570.94 1.7
7265.45 2
7986.1 2.3
8798.41 2.5
9686.98 2.6
10749.53 2.7
11954.07 2.8
13361.31 2.7
14892.65 2.6
16572.32 2.3
17969.98 2.1
19149.9 1.8
20000 1.5
